11111111111111111111111111111111111111111111111111
20000000000000000000000000000000000000000000000002
20000000000000000000000000000000000000000000000002
20000000000000000000000000000000000000000000000002
20000000000000000000000000000000000000000000000002
20000000000000000000000000000000000000000000000002
20000000000000000000000000000000000000000000000002
20000000000000000000000000000000000000000000000002
20000000000000000000000000000000000000000000000002
20000000000000000000000000000000000000000000000002
20000000011111111100011111111100000000000000000002
20000000023333333333333333333200000000000000000002
20000000023000000000000000003200000000000000000002
20000000023000000000000000003200000000000000000002
20000000023000000000000000003200000000000000000002
20000000023000000000000000003200000000000000000002
20000000023000000066600000003200000000000000000002
20000000023333333555553333333200000000000000000002
20000000011111111111111111111100000000000000000002
20000000000000000000000000000000000000000000000002
20000000000000000000000000000000000000000000000002
20000000000000000000000000000000000000000000000002
20000000000000000000000000000000000000000000000002
20000000000000000000000000000000000000000000000002
20000000000000000000000000000000000000000000000002
20000000000000000000000000000000000000000000000002
20000000000000000000000000000000000000000000000002
20000000000000000000000000000000000000000000000002
20000000000000000000000000000000000000000000000002
20000000000000000000000000000000000000000000000002
20000000000000000000000000000000000000000000000002
20000000000000000000000000000000000000000000000002
20000000000000000000000000000000000000000000000002
20000000000000000000000000000000000000000000000002
20000000000000000000000000000000000000000000000002
20000000000000000000000000000000000000000000000002
20000000000000000000000000000000000000000000000002
11111111111111111111111111111111111111111111111111
