1111111111111111111111111111111111111111111111111111111111111111111111111111111111111111111111111111
2000000000000000000000000000000000000000000000000220000000000000000000000000000000000000000000000002
2000000000000000000000000000000000000000000000000220000000000000000000000000000000000000000000000002
2000000000000000000000000000000000000000000000000220000000000000000000000000000000000000000000000002
2000000000000000000000000000000000000000000000000220000000006666666666000000000000000000000000000002
2000000000000000000000000000000000000000000000000220000000000000000000000000000000000000000000000002
2000000000000000000000000000000000000000000000000000000000000000000000000000000000000444440000000002
2000000000000000000000000000000000000000000000000000000000000000000000000000666600000455540000000002
2000000000000000000000000000000000000000000000000220000000005555555555000000666600000455540000000002
2000000000000000000000000000000000000000000000000220000000005555555555000000666600000455540000000002
2000000001111111110001111111110000000000000000000220000000000000000000000000666600000444440000000002
2000000002333333333333333333320000000000000000000220000000000000000000000000000000000000000000000002
2000000002300000000000000000320000000000000000000220000000000000000000000000000000000000000000000002
2000000002300000000000000000320000000000000000000220000000006666666666000000000000000000000000000002
2000000002300000000000000000320000000000000000000220000000000000000000000000000000000000000000000002
2000000002300000000000000000320000000000000000000220000000000000000000000000000000000000000000000002
2000000002300000666666600000320000000000000000000220000000000000000000000000000000000000000000000002
2000000002333333355555333333320000000000000000000220000000000000000000000000000000000000000000000002
2000000001111111111111111111110000000000000000000220000000000000000000000000000000000000000000000002
2000000000000000000000000000000000000000000000000220000000000000000000000000000000000000000000000002
2000000000000000000000000000000000000000000000000220000000000000000000000000000000000000000000000002
2000000000000000000000000000000000000000000000000220000000000000000000000000000000000000000000000002
2000000000000000000000000000000000000000000000000220000000000000000000000000000000000000000000000002
2000000000000000000000000000000000000000000000000220000000000000000000000000000000000000000000000002
2000000000000000000000000000000000000000000000000220000000000000000000000000000000000000000000000002
2000000000000000000000000000000000000000000000000000000000000000000000000000000000000000000000000002
2000000000000000000000000000000000000000000000000000000000000000000000000000000000000000000000000002
2000000000000000000000000000000000000000000000000220000000000000000000000000000000000000000000000002
2000000000000000000000000000000000000000000000000220000000000000000000000000000000000000000000000002
2000000000000000000000000000000000000000000000000220000000000000000000000000000000000000000000000002
2000000000000000000000000000000000000000000000000220000000000000000000000000000000000000000000000002
2000000000000000000000000000000000000000000000000220000000000000000000000000111100011110000000000002
2000000000000000011111111111100000000000000000000220000000000000000000000000200000000020000000000002
2000000000000000020666666600200000000000000000000220000000000000000000000000200000000020000000000002
2000000000000000020000000000000000000000000000000220000000000000000000000000200006000020000000000002
2000000000000000020011111111200000000000000000000220000000000000000000000000200000000020000000000002
2000000000000000020000000555200000000000000000000220000000000000000000000000200007000020000000000002
1111111111111111111111111111111111111111111111111111111111111111111111111111111111111111111111111111
